// memory data file (do not edit the following line - required for mem load use)
// instance=/uart_rx_basic_tb/r_Mem_uut_data
// format=mti addressradix=h dataradix=s version=1.0 wordsperline=8
  0: 00111111 00000000 00000001 00000010 00000011 00000100 00000001 00000010
  8: 00000100 00001000 00010000 11111110 11111101 11111011 11110111 11101111
 10: 00000000 00000000 00000000 00000000 00000000 00000000 00000000 00000000
 18: 00000000 00000000 00000000 00000000 00000000 00000000 00000000 00000000
 20: 00000000 00000000 00000000 00000000 00000000 00000000 00000000 00000000
 28: 00000000 00000000 00000000 00000000 00000000 00000000 00000000 00000000
 30: 00000000 00000000 00000000 00000000 00000000 00000000 00000000 00000000
 38: 00000000 00000000 00000000 00000000 00000000 00000000 00000000 00000000
 40: 00000000 00000000 00000000 00000000 00000000 00000000 00000000 00000000
 48: 00000000 00000000 00000000 00000000 00000000 00000000 00000000 00000000
 50: 00000000 00000000 00000000 00000000 00000000 00000000 00000000 00000000
 58: 00000000 00000000 00000000 00000000 00000000 00000000 00000000 00000000
 60: 00000000 00000000 00000000 00000000 00000000 00000000 00000000 00000000
 68: 00000000 00000000 00000000 00000000 00000000 00000000 00000000 00000000
 70: 00000000 00000000 00000000 00000000 00000000 00000000 00000000 00000000
 78: 00000000 00000000 00000000 00000000 00000000 00000000 00000000 00000000
 80: 00000000 00000000 00000000 00000000 00000000 00000000 00000000 00000000
 88: 00000000 00000000 00000000 00000000 00000000 00000000 00000000 00000000
 90: 00000000 00000000 00000000 00000000 00000000 00000000 00000000 00000000
 98: 00000000 00000000 00000000 00000000 00000000 00000000 00000000 00000000
 a0: 00000000 00000000 00000000 00000000 00000000 00000000 00000000 00000000
 a8: 00000000 00000000 00000000 00000000 00000000 00000000 00000000 00000000
 b0: 00000000 00000000 00000000 00000000 00000000 00000000 00000000 00000000
 b8: 00000000 00000000 00000000 00000000 00000000 00000000 00000000 00000000
 c0: 00000000 00000000 00000000 00000000 00000000 00000000 00000000 00000000
 c8: 00000000 00000000 00000000 00000000 00000000 00000000 00000000 00000000
 d0: 00000000 00000000 00000000 00000000 00000000 00000000 00000000 00000000
 d8: 00000000 00000000 00000000 00000000 00000000 00000000 00000000 00000000
 e0: 00000000 00000000 00000000 00000000 00000000 00000000 00000000 00000000
 e8: 00000000 00000000 00000000 00000000 00000000 00000000 00000000 00000000
 f0: 00000000 00000000 00000000 00000000 00000000 00000000 00000000 00000000
 f8: 00000000 00000000 00000000 00000000 00000000 00000000 00000000 00000000
100: 00000000 00000000 00000000 00000000 00000000 00000000 00000000 00000000
108: 00000000 00000000 00000000 00000000 00000000 00000000 00000000 00000000
110: 00000000 00000000 00000000 00000000 00000000 00000000 00000000 00000000
118: 00000000 00000000 00000000 00000000 00000000 00000000 00000000 00000000
120: 00000000 00000000 00000000 00000000 00000000 00000000 00000000 00000000
128: 00000000 00000000 00000000 00000000 00000000 00000000 00000000 00000000
130: 00000000 00000000 00000000 00000000 00000000 00000000 00000000 00000000
138: 00000000 00000000 00000000 00000000 00000000 00000000 00000000 00000000
140: 00000000 00000000 00000000 00000000 00000000 00000000 00000000 00000000
148: 00000000 00000000 00000000 00000000 00000000 00000000 00000000 00000000
150: 00000000 00000000 00000000 00000000 00000000 00000000 00000000 00000000
158: 00000000 00000000 00000000 00000000 00000000 00000000 00000000 00000000
160: 00000000 00000000 00000000 00000000 00000000 00000000 00000000 00000000
168: 00000000 00000000 00000000 00000000 00000000 00000000 00000000 00000000
170: 00000000 00000000 00000000 00000000 00000000 00000000 00000000 00000000
178: 00000000 00000000 00000000 00000000 00000000 00000000 00000000 00000000
180: 00000000 00000000 00000000 00000000 00000000 00000000 00000000 00000000
188: 00000000 00000000 00000000 00000000 00000000 00000000 00000000 00000000
190: 00000000 00000000 00000000 00000000 00000000 00000000 00000000 00000000
198: 00000000 00000000 00000000 00000000 00000000 00000000 00000000 00000000
1a0: 00000000 00000000 00000000 00000000 00000000 00000000 00000000 00000000
1a8: 00000000 00000000 00000000 00000000 00000000 00000000 00000000 00000000
1b0: 00000000 00000000 00000000 00000000 00000000 00000000 00000000 00000000
1b8: 00000000 00000000 00000000 00000000 00000000 00000000 00000000 00000000
1c0: 00000000 00000000 00000000 00000000 00000000 00000000 00000000 00000000
1c8: 00000000 00000000 00000000 00000000 00000000 00000000 00000000 00000000
1d0: 00000000 00000000 00000000 00000000 00000000 00000000 00000000 00000000
1d8: 00000000 00000000 00000000 00000000 00000000 00000000 00000000 00000000
1e0: 00000000 00000000 00000000 00000000 00000000 00000000 00000000 00000000
1e8: 00000000 00000000 00000000 00000000 00000000 00000000 00000000 00000000
1f0: 00000000 00000000 00000000 00000000 00000000 00000000 00000000 00000000
1f8: 00000000 00000000 00000000 00000000 00000000 00000000 00000000 00000000
200: 00000000 00000000 00000000 00000000 00000000 00000000 00000000 00000000
208: 00000000 00000000 00000000 00000000 00000000 00000000 00000000 00000000
210: 00000000 00000000 00000000 00000000 00000000 00000000 00000000 00000000
218: 00000000 00000000 00000000 00000000 00000000 00000000 00000000 00000000
220: 00000000 00000000 00000000 00000000 00000000 00000000 00000000 00000000
228: 00000000 00000000 00000000 00000000 00000000 00000000 00000000 00000000
230: 00000000 00000000 00000000 00000000 00000000 00000000 00000000 00000000
238: 00000000 00000000 00000000 00000000 00000000 00000000 00000000 00000000
240: 00000000 00000000 00000000 00000000 00000000 00000000 00000000 00000000
248: 00000000 00000000 00000000 00000000 00000000 00000000 00000000 00000000
250: 00000000 00000000 00000000 00000000 00000000 00000000 00000000 00000000
258: 00000000 00000000 00000000 00000000 00000000 00000000 00000000 00000000
260: 00000000 00000000 00000000 00000000 00000000 00000000 00000000 00000000
268: 00000000 00000000 00000000 00000000 00000000 00000000 00000000 00000000
270: 00000000 00000000 00000000 00000000 00000000 00000000 00000000 00000000
278: 00000000 00000000 00000000 00000000 00000000 00000000 00000000 00000000
280: 00000000 00000000 00000000 00000000 00000000 00000000 00000000 00000000
288: 00000000 00000000 00000000 00000000 00000000 00000000 00000000 00000000
290: 00000000 00000000 00000000 00000000 00000000 00000000 00000000 00000000
298: 00000000 00000000 00000000 00000000 00000000 00000000 00000000 00000000
2a0: 00000000 00000000 00000000 00000000 00000000 00000000 00000000 00000000
2a8: 00000000 00000000 00000000 00000000 00000000 00000000 00000000 00000000
2b0: 00000000 00000000 00000000 00000000 00000000 00000000 00000000 00000000
2b8: 00000000 00000000 00000000 00000000 00000000 00000000 00000000 00000000
2c0: 00000000 00000000 00000000 00000000 00000000 00000000 00000000 00000000
2c8: 00000000 00000000 00000000 00000000 00000000 00000000 00000000 00000000
2d0: 00000000 00000000 00000000 00000000 00000000 00000000 00000000 00000000
2d8: 00000000 00000000 00000000 00000000 00000000 00000000 00000000 00000000
2e0: 00000000 00000000 00000000 00000000 00000000 00000000 00000000 00000000
2e8: 00000000 00000000 00000000 00000000 00000000 00000000 00000000 00000000
2f0: 00000000 00000000 00000000 00000000 00000000 00000000 00000000 00000000
2f8: 00000000 00000000 00000000 00000000 00000000 00000000 00000000 00000000
300: 00000000 00000000 00000000 00000000 00000000 00000000 00000000 00000000
308: 00000000 00000000 00000000 00000000 00000000 00000000 00000000 00000000
310: 00000000 00000000 00000000 00000000 00000000 00000000 00000000 00000000
318: 00000000 00000000 00000000 00000000 00000000 00000000 00000000 00000000
320: 00000000 00000000 00000000 00000000 00000000 00000000 00000000 00000000
328: 00000000 00000000 00000000 00000000 00000000 00000000 00000000 00000000
330: 00000000 00000000 00000000 00000000 00000000 00000000 00000000 00000000
338: 00000000 00000000 00000000 00000000 00000000 00000000 00000000 00000000
340: 00000000 00000000 00000000 00000000 00000000 00000000 00000000 00000000
348: 00000000 00000000 00000000 00000000 00000000 00000000 00000000 00000000
350: 00000000 00000000 00000000 00000000 00000000 00000000 00000000 00000000
358: 00000000 00000000 00000000 00000000 00000000 00000000 00000000 00000000
360: 00000000 00000000 00000000 00000000 00000000 00000000 00000000 00000000
368: 00000000 00000000 00000000 00000000 00000000 00000000 00000000 00000000
370: 00000000 00000000 00000000 00000000 00000000 00000000 00000000 00000000
378: 00000000 00000000 00000000 00000000 00000000 00000000 00000000 00000000
380: 00000000 00000000 00000000 00000000 00000000 00000000 00000000 00000000
388: 00000000 00000000 00000000 00000000 00000000 00000000 00000000 00000000
390: 00000000 00000000 00000000 00000000 00000000 00000000 00000000 00000000
398: 00000000 00000000 00000000 00000000 00000000 00000000 00000000 00000000
3a0: 00000000 00000000 00000000 00000000 00000000 00000000 00000000 00000000
3a8: 00000000 00000000 00000000 00000000 00000000 00000000 00000000 00000000
3b0: 00000000 00000000 00000000 00000000 00000000 00000000 00000000 00000000
3b8: 00000000 00000000 00000000 00000000 00000000 00000000 00000000 00000000
3c0: 00000000 00000000 00000000 00000000 00000000 00000000 00000000 00000000
3c8: 00000000 00000000 00000000 00000000 00000000 00000000 00000000 00000000
3d0: 00000000 00000000 00000000 00000000 00000000 00000000 00000000 00000000
3d8: 00000000 00000000 00000000 00000000 00000000 00000000 00000000 00000000
3e0: 00000000 00000000 00000000 00000000 00000000 00000000 00000000 00000000
3e8: 00000000 00000000 00000000 00000000 00000000 00000000 00000000 00000000
3f0: 00000000 00000000 00000000 00000000 00000000 00000000 00000000 00000000
3f8: 00000000 00000000 00000000 00000000 00000000 00000000 00000000 00000000
400: 00000000 
